## Multiclass - SSL_Reneg, ARP_spoof, SYN_Dos

Metrics for Estimator:  random_forest
Test Error = 0.0045174 
Accuracy: 99.5482601785518 
FPR: 0.018534948597545557
TPR: 0.9954826017855181
F-measure: 0.9948761492572535
Precision: 0.9945467653779377
Recall: 0.9954826017855181

Metrics for Estimator:  decision_tree
Test Error = 0.00317377 
Accuracy: 99.68262345559117 
FPR: 0.015196416632523689
TPR: 0.9968262345559117
F-measure: 0.996411608153556
Precision: 0.9968047267751589
Recall: 0.9968262345559117

Metrics for Estimator:  perceptron
Test Error = 0.1699900]
Accuracy: 83.00101385603244
FPR: 0.8300101385603245
TPR: 0.8300101385603245
F-measure: 0.7529103971575832
Precision: 0.688916830112929
Recall: 0.8300101385603245
